### TEHTÄVÄ 3
alpha <- 0.05

### TEHTÄVÄ 4

myy <- 1600
omega <- 316
n <- 10
x <- 1450

(x-myy)/(omega/(n^0.5))

### TEHTÄVÄ 6
mittaukset <- c(91.9, 97.8, 111.4, 122.3, 105.4, 95.0, 103.8, 99.6, 96.6, 119.3, 104.8, 101.7)
mittaukset

myy <- 105
alpha <- 0.05
n <- 12
